1480005465853158 5731255 38400
1480005465881962 5736253 38400
1480005465913521 5736657 38400
1480005465943293 5738080 38400
1480005465973774 5734601 38400
1480005466004179 5741477 38400
1480005466033801 5735311 38400
1480005466063729 5737150 38400
1480005466094290 5743682 38400
1480005466124234 5737362 38400
1480005466154911 5735343 38400
1480005466184826 5740802 38400
1480005466215394 5739588 38400
1480005466245375 5738863 38400
1480005466275259 5741281 38400
1480005466305866 5744081 38400
1480005466335538 5736707 38400
1480005466365420 5750879 38400
1480005466395587 5746080 38400
1480005466426347 5740080 38400
1480005466456014 5738422 38400
1480005466486916 5747630 38400
1480005466516946 5744716 38400
1480005466546928 5739913 38400
1480005466576881 5738805 38400
1480005466607232 5735703 38400
1480005466637399 5733735 38400
1480005466667447 5736405 38400
1480005466697467 5732954 38400
1480005466726868 5737315 38400
1480005466757777 5727419 38400
1480005466787806 5740434 38400
1480005466818391 5742454 38400
1480005466848365 5744974 38400
1480005466878450 5734414 38400
1480005466908522 5743680 38400
1480005466938148 5734246 38400
1480005466968199 5739290 38400
1480005466998266 5735280 38400
1480005467028364 5738454 38400
1480005467059036 5739814 38400
1480005467088743 5742695 38400
1480005467119000 5738037 38400
1480005467148949 5744781 38400
1480005467179186 5742881 38400
1480005467209510 5741835 38400
1480005467239633 5740747 38400
1480005467269621 5745044 38400
1480005467300645 5732164 38400
1480005467330096 5742310 38400
1480005467360478 5749535 38400
1480005467390920 5745789 38400
1480005467420884 5751410 38400
1480005467451176 5746244 38400
1480005467480825 5744239 38400
1480005467511091 5746268 38400
1480005467541201 5744530 38400
1480005467571791 5740199 38400
1480005467601745 5740821 38400
1480005467631859 5741341 38400
1480005467662135 5734147 38400
1480005467692253 5743682 38400
1480005467722301 5736394 38400
1480005467752712 5737351 38400
1480005467782061 5740244 38400
1480005467812510 5744167 38400
1480005467842643 5746450 38400
1480005467872870 5736333 38400
1480005467903222 5737674 38400
1480005467933192 5738576 38400
1480005467963121 5735550 38400
1480005467993585 5735257 38400
1480005468023845 5741340 38400
1480005468053593 5736266 38400
1480005468083906 5737792 38400
1480005468113704 5739249 38400
1480005468144165 5739960 38400
1480005468174102 5739821 38400
1480005468204668 5734423 38400
1480005468235048 5739995 38400
1480005468264233 5740023 38400
1480005468295034 5743022 38400
1480005468325133 5741418 38400
1480005468354837 5754335 38400
1480005468385476 5749301 38400
1480005468415410 5744059 38400
1480005468445816 5750184 38400
1480005468475359 5746766 38400
1480005468506022 5748350 38400
1480005468536407 5741260 38400
1480005468566701 5741954 38400
1480005468596681 5737135 38400
1480005468626383 5740310 38400
1480005468656715 5741865 38400
1480005468686903 5738216 38400
1480005468717042 5731198 38400
1480005468747137 5742006 38400
1480005468777362 5739834 38400
1480005468807557 5736985 38400
1480005468837258 5734139 38400
1480005468867549 5743826 38400
1480005468897678 5740706 38400
1480005468927765 5738440 38400
1480005468958023 5743102 38400
1480005468987586 5741939 38400
1480005469018459 5744751 38400
1480005469048716 5733681 38400
1480005469078309 5740647 38400
1480005469108383 5737233 38400
1480005469138999 5741827 38400
1480005469169019 5739545 38400
1480005469198924 5740473 38400
1480005469229465 5739227 38400
1480005469259367 5733196 38400
1480005469289328 5732511 38400
1480005469320021 5735179 38400
1480005469349381 5738282 38400
1480005469380012 5738377 38400
1480005469410250 5732239 38400
1480005469440872 5735742 38400
1480005469470373 5735240 38400
1480005469500635 5731371 38400
1480005469529664 5732380 38400
1480005469560526 5730570 38400
1480005469590580 5738146 38400
1480005469620390 5732964 38400
1480005469650594 5736140 38400
1480005469680737 5731480 38400
1480005469710910 5733646 38400
1480005469741204 5729044 38400
1480005469771210 5738232 38400
1480005469801280 5733488 38400
1480005469831301 5740022 38400
1480005469862204 5742557 38400
1480005469892441 5737846 38400
1480005469922902 5731005 38400
1480005469952677 5738807 38400
1480005469982685 5735509 38400
1480005470012855 5735000 38400
1480005470043317 5737357 38400
1480005470073655 5735553 38400
1480005470103229 5740261 38400
1480005470133578 5734143 38400
1480005470163525 5742090 38400
1480005470193455 5744048 38400
1480005470223800 5742221 38400
1480005470253678 5738822 38400
1480005470284200 5733615 38400
1480005470314108 5733051 38400
1480005470344277 5733398 38400
1480005470374686 5728919 38400
1480005470404508 5723520 38400
1480005470434839 5725239 38400
1480005470464850 5725098 38400
1480005470495154 5732198 38400
1480005470525057 5719326 38400
1480005470555216 5722246 38400
1480005470585332 5718790 38400
1480005470615741 5722166 38400
1480005470646011 5724635 38400
1480005470676165 5726898 38400
1480005470706244 5733720 38400
1480005470736355 5732607 38400
1480005470766114 5731287 38400
1480005470796486 5728012 38400
1480005470826868 5729083 38400
1480005470857080 5735592 38400
1480005470886644 5730749 38400
1480005470917145 5727286 38400
1480005470946514 5728978 38400
1480005470976891 5724695 38400
1480005471007183 5731262 38400
1480005471037081 5729622 38400
1480005471067590 5735588 38400
1480005471097721 5738200 38400
1480005471128135 5737652 38400
1480005471157906 5729780 38400
1480005471188524 5725384 38400
1480005471218182 5723435 38400
1480005471248709 5723236 38400
1480005471279173 5721935 38400
1480005471308780 5721571 38400
1480005471339373 5722792 38400
1480005471369295 5727877 38400
1480005471399135 5726709 38400
1480005471429716 5722722 38400
1480005471459484 5722078 38400
1480005471489911 5731263 38400
1480005471519676 5727886 38400
1480005471549968 5719223 38400
1480005471580160 5721812 38400
1480005471610182 5724793 38400
1480005471640741 5724315 38400
1480005471670590 5728465 38400
1480005471700407 5717663 38400
1480005471730370 5725380 38400
1480005471760835 5721799 38400
1480005471791377 5725861 38400
1480005471821202 5722147 38400
1480005471851206 5727608 38400
1480005471881341 5723130 38400
1480005471912262 5728994 38400
1480005471941902 5730377 38400
1480005471972294 5726877 38400
1480005472001903 5729102 38400
1480005472032597 5721848 38400
1480005472062168 5718621 38400
1480005472092853 5723901 38400
1480005472122608 5712800 38400
1480005472152808 5716693 38400
1480005472183046 5714630 38400
1480005472212843 5712116 38400
1480005472243212 5713823 38400
1480005472273283 5715435 38400
1480005472303361 5710878 38400
1480005472333569 5708346 38400
1480005472364138 5715147 38400
1480005472393775 5712683 38400
1480005472424219 5717154 38400
1480005472454551 5712315 38400
1480005472484672 5721649 38400
1480005472514326 5715619 38400
1480005472544557 5713213 38400
1480005472575052 5716060 38400
1480005472604699 5719891 38400
1480005472635389 5713676 38400
1480005472665353 5718263 38400
1480005472695347 5720051 38400
1480005472725401 5719986 38400
1480005472755173 5719114 38400
1480005472785322 5715423 38400
1480005472815762 5715342 38400
1480005472845682 5716222 38400
1480005472876146 5710839 38400
1480005472906218 5712679 38400
1480005472936349 5719389 38400
1480005472966695 5710513 38400
1480005472996133 5720464 38400
1480005473026229 5712125 38400
1480005473056628 5712137 38400
1480005473086634 5712140 38400
1480005473116115 5712590 38400
1480005473146470 5714745 38400
1480005473176631 5712147 38400
1480005473206993 5712382 38400
1480005473236723 5710968 38400
1480005473266867 5715686 38400
1480005473296944 5720566 38400
1480005473327214 5711974 38400
1480005473357771 5714331 38400
1480005473387924 5718360 38400
1480005473418155 5720416 38400
1480005473448099 5721409 38400
1480005473478397 5724415 38400
1480005473508837 5716937 38400
1480005473538710 5731402 38400
1480005473568176 5722222 38400
1480005473598491 5727161 38400
1480005473628716 5722509 38400
1480005473658834 5722293 38400
1480005473688840 5724046 38400
1480005473719392 5723195 38400
1480005473749652 5727203 38400
1480005473779758 5721372 38400
1480005473809847 5724682 38400
1480005473840632 5721897 38400
1480005473870198 5720797 38400
1480005473900320 5717614 38400
1480005473930495 5718665 38400
1480005473960491 5716487 38400
1480005473990968 5720476 38400
1480005474020941 5718231 38400
1480005474051106 5726751 38400
1480005474081242 5721774 38400
1480005474111439 5725380 38400
1480005474141785 5731611 38400
1480005474171607 5728510 38400
1480005474201888 5736149 38400
1480005474231923 5734574 38400
1480005474262009 5738370 38400
1480005474292269 5723745 38400
1480005474322237 5732707 38400
1480005474352435 5725728 38400
1480005474382480 5728387 38400
1480005474412592 5729676 38400
1480005474442928 5730927 38400
1480005474472873 5720865 38400
1480005474503152 5724021 38400
1480005474533278 5723616 38400
1480005474563530 5721103 38400
1480005474593601 5719878 38400
1480005474624041 5720579 38400
1480005474653708 5706014 38400
1480005474684224 5713063 38400
1480005474714132 5721338 38400
1480005474744572 5723842 38400
1480005474774733 5722510 38400
1480005474804563 5719916 38400
1480005474834552 5725256 38400
1480005474864872 5719135 38400
1480005474894930 5727744 38400
1480005474925563 5727264 38400
1480005474955229 5729355 38400
1480005474985353 5724278 38400
1480005475015554 5728101 38400
1480005475045654 5723215 38400
1480005475076117 5721161 38400
1480005475105794 5726502 38400
1480005475135946 5728754 38400
1480005475166193 5720340 38400
1480005475196598 5731809 38400
1480005475226425 5725738 38400
1480005475256724 5722936 38400
1480005475286705 5725455 38400
1480005475316952 5722197 38400
1480005475347038 5722165 38400
1480005475377274 5718915 38400
1480005475407430 5721755 38400
1480005475437503 5720316 38400
1480005475467568 5716578 38400
1480005475497962 5716882 38400
1480005475527896 5720378 38400
1480005475557705 5721159 38400
1480005475588184 5723892 38400
1480005475618242 5726188 38400
1480005475648474 5726062 38400
1480005475678566 5729593 38400
1480005475708914 5724661 38400
1480005475738859 5731982 38400
1480005475769151 5727170 38400
1480005475799286 5731539 38400
1480005475829277 5733824 38400
1480005475859724 5729715 38400
1480005475889677 5742415 38400
1480005475919890 5728366 38400
1480005475949942 5734532 38400
1480005475979915 5732838 38400
1480005476010182 5727711 38400
1480005476040410 5722680 38400
1480005476070424 5730960 38400
1480005476100540 5730977 38400
1480005476130693 5728981 38400
1480005476161068 5729323 38400
1480005476191030 5730686 38400
1480005476220936 5730218 38400
1480005476251233 5726942 38400
1480005476281085 5727505 38400
1480005476311556 5727432 38400
1480005476341896 5731354 38400
1480005476371753 5727913 38400
1480005476402016 5729503 38400
1480005476432170 5730334 38400
1480005476462275 5730567 38400
1480005476492583 5728955 38400
1480005476522523 5735776 38400
1480005476552614 5736173 38400
1480005476583012 5727330 38400
1480005476612917 5732016 38400
1480005476643141 5735811 38400
1480005476673233 5730897 38400
1480005476703240 5738082 38400
1480005476733587 5735780 38400
1480005476763520 5741859 38400
1480005476793769 5744256 38400
1480005476824066 5745889 38400
1480005476853501 5736263 38400
1480005476883904 5734880 38400
1480005476913999 5734672 38400
1480005476944701 5735868 38400
1480005476974615 5734496 38400
1480005477004828 5730354 38400
1480005477034564 5732890 38400
1480005477064440 5735683 38400
1480005477094713 5732524 38400
1480005477125244 5730756 38400
1480005477155694 5730022 38400
1480005477185494 5730819 38400
1480005477215826 5730406 38400
1480005477246211 5733443 38400
1480005477276570 5741471 38400
1480005477306214 5742808 38400
1480005477336318 5742137 38400
1480005477365741 5736699 38400
1480005477395804 5741981 38400
1480005477426611 5728202 38400
1480005477456879 5742382 38400
1480005477486905 5742843 38400
1480005477517082 5736638 38400
1480005477547255 5738371 38400
1480005477577464 5744676 38400
1480005477607750 5737503 38400
1480005477637752 5736032 38400
1480005477667838 5740447 38400
1480005477698113 5739812 38400
1480005477728123 5732745 38400
1480005477758625 5731301 38400
1480005477788408 5735597 38400
1480005477818433 5730813 38400
1480005477848111 5730537 38400
1480005477878263 5731192 38400
1480005477909582 5743698 38400
1480005477939102 5744544 38400
1480005477969272 5744369 38400
1480005477999387 5743453 38400
1480005478029541 5746250 38400
1480005478059751 5738387 38400
1480005478089846 5737802 38400
1480005478120296 5737390 38400
1480005478149621 5739693 38400
1480005478180143 5743125 38400
1480005478210395 5743268 38400
1480005478240735 5745618 38400
1480005478270654 5744502 38400
1480005478300815 5748431 38400
1480005478330936 5741319 38400
1480005478360776 5741605 38400
1480005478391285 5743705 38400
1480005478421406 5751317 38400
1480005478451518 5750924 38400
1480005478481636 5755579 38400
1480005478511252 5754092 38400
1480005478541981 5747801 38400
1480005478572039 5752641 38400
1480005478602188 5742917 38400
1480005478632331 5736811 38400
1480005478662746 5743541 38400
1480005478692518 5742404 38400
1480005478722253 5741188 38400
1480005478752884 5742756 38400
1480005478783021 5744242 38400
1480005478813329 5740631 38400
1480005478843157 5740559 38400
1480005478873601 5742060 38400
1480005478903586 5738564 38400
1480005478934033 5736091 38400
1480005478963541 5739731 38400
1480005478993484 5740120 38400
1480005479024341 5737937 38400
1480005479054287 5735464 38400
1480005479084234 5734044 38400
1480005479114550 5734294 38400
1480005479144740 5738612 38400
1480005479175453 5743501 38400
1480005479204973 5739919 38400
1480005479235403 5734978 38400
1480005479265247 5734228 38400
1480005479295308 5741543 38400
1480005479325789 5745340 38400
1480005479355997 5744295 38400
1480005479385495 5736080 38400
1480005479416272 5737871 38400
1480005479446103 5742599 38400
1480005479476117 5738234 38400
1480005479506128 5740382 38400
1480005479536497 5738185 38400
1480005479566619 5741666 38400
1480005479596810 5732049 38400
1480005479626504 5724807 38400
1480005479656716 5723863 38400
1480005479687359 5723919 38400
1480005479716775 5732762 38400
1480005479746915 5728228 38400
1480005479777716 5728442 38400
1480005479807951 5729042 38400
1480005479837293 5732228 38400
1480005479867874 5729058 38400
1480005479898257 5724292 38400
1480005479927526 5734121 38400
1480005479958792 5730897 38400
1480005479988631 5720779 38400
1480005480018813 5727955 38400
1480005480048075 5730333 38400
1480005480078987 5734292 38400
1480005480109520 5728590 38400
1480005480139306 5729486 38400
1480005480169651 5728302 38400
1480005480199848 5729598 38400
1480005480230199 5727861 38400
1480005480260569 5728944 38400
1480005480291684 5731342 38400
1480005480320474 5732358 38400
1480005480350992 5733083 38400
1480005480380776 5737965 38400
1480005480411201 5733983 38400
1480005480441352 5732768 38400
1480005480471375 5724560 38400
1480005480501398 5728136 38400
1480005480531769 5740091 38400
1480005480561794 5733274 38400
1480005480592090 5728761 38400
1480005480622079 5729524 38400
1480005480652200 5733693 38400
1480005480682306 5737947 38400
1480005480712444 5731978 38400
1480005480742786 5736892 38400
1480005480772787 5740214 38400
1480005480802865 5732890 38400
1480005480833044 5732120 38400
1480005480862807 5735374 38400
1480005480893671 5735713 38400
1480005480923409 5732697 38400
1480005480953782 5746887 38400
1480005480983670 5743164 38400
1480005481013880 5739737 38400
1480005481043696 5734315 38400
1480005481074382 5741635 38400
1480005481104219 5743878 38400
1480005481134035 5743000 38400
1480005481164285 5748162 38400
1480005481194872 5747580 38400
1480005481225569 5744347 38400
1480005481255151 5738116 38400
1480005481285180 5745543 38400
1480005481314897 5751012 38400
1480005481345596 5748602 38400
1480005481375874 5752788 38400
1480005481406154 5749962 38400
1480005481436107 5746220 38400
1480005481465960 5751864 38400
1480005481496175 5756624 38400
1480005481526279 5749742 38400
1480005481556738 5744244 38400
1480005481586757 5747862 38400
1480005481616653 5751553 38400
1480005481646961 5754546 38400
1480005481676848 5758352 38400
1480005481707043 5751128 38400
1480005481737301 5759184 38400
1480005481767021 5753280 38400
1480005481797540 5750590 38400
1480005481827566 5752973 38400
1480005481857738 5754992 38400
1480005481888354 5758328 38400
1480005481918036 5759535 38400
1480005481948089 5758538 38400
1480005481978418 5762329 38400
1480005482008535 5755334 38400
1480005482038529 5764596 38400
1480005482068716 5762047 38400
1480005482098813 5753291 38400
1480005482128930 5755407 38400
1480005482159061 5755373 38400
1480005482189299 5759859 38400
1480005482219730 5755284 38400
1480005482250087 5753947 38400
1480005482279736 5754550 38400
1480005482309817 5748679 38400
1480005482340203 5750181 38400
1480005482370664 5745058 38400
1480005482400567 5745815 38400
1480005482430695 5748500 38400
1480005482460495 5746144 38400
1480005482490754 5749761 38400
1480005482520797 5743998 38400
1480005482551038 5746581 38400
1480005482581295 5747597 38400
1480005482611822 5740737 38400
1480005482641600 5744876 38400
1480005482671496 5734146 38400
1480005482701672 5742739 38400
1480005482732297 5747782 38400
1480005482762244 5745850 38400
1480005482792411 5755356 38400
1480005482822582 5748334 38400
1480005482852407 5756233 38400
1480005482882521 5753871 38400
1480005482912801 5750188 38400
1480005482942948 5747874 38400
1480005482973124 5748773 38400
1480005483003666 5756554 38400
1480005483033475 5752358 38400
1480005483063705 5743245 38400
1480005483093673 5741885 38400
1480005483124334 5734298 38400
1480005483153797 5740497 38400
1480005483183850 5738835 38400
1480005483213981 5734287 38400
1480005483244069 5733288 38400
1480005483274621 5735554 38400
1480005483304439 5729308 38400
1480005483334774 5732551 38400
1480005483364722 5740844 38400
1480005483394997 5737464 38400
1480005483425622 5740827 38400
1480005483455184 5734989 38400
1480005483485230 5732921 38400
1480005483515464 5732589 38400
1480005483545616 5735123 38400
1480005483575974 5736399 38400
1480005483606056 5732447 38400
1480005483636189 5735307 38400
1480005483666544 5735964 38400
1480005483696716 5738731 38400
1480005483726636 5738806 38400
1480005483756692 5733707 38400
1480005483786940 5739169 38400
1480005483817435 5739327 38400
1480005483847128 5742925 38400
1480005483877687 5738951 38400
1480005483907548 5731983 38400
1480005483937688 5737390 38400
1480005483967549 5740557 38400
1480005483997873 5730437 38400
1480005484028146 5728107 38400
1480005484058283 5733317 38400
1480005484088323 5732381 38400
1480005484118483 5737310 38400
1480005484148609 5725155 38400
1480005484179153 5730317 38400
1480005484208817 5728602 38400
1480005484239198 5737212 38400
1480005484269325 5741848 38400
1480005484299638 5731318 38400
1480005484329377 5736850 38400
1480005484359539 5740525 38400
1480005484389568 5741514 38400
1480005484419660 5740122 38400
1480005484449936 5742666 38400
1480005484480125 5744207 38400
1480005484510464 5742109 38400
1480005484540730 5737829 38400
1480005484570289 5739971 38400
1480005484600684 5738801 38400
1480005484630616 5747486 38400
1480005484660800 5742863 38400
1480005484691396 5746037 38400
1480005484721434 5745571 38400
1480005484751418 5741186 38400
1480005484781710 5740320 38400
1480005484811737 5737429 38400
1480005484842121 5739678 38400
1480005484871896 5741356 38400
1480005484902115 5741968 38400
1480005484932152 5741124 38400
1480005484962316 5742383 38400
1480005484992630 5741488 38400
1480005485022655 5744781 38400
1480005485052757 5749187 38400
1480005485082721 5745085 38400
1480005485112570 5747455 38400
1480005485142877 5744138 38400
1480005485173181 5746343 38400
1480005485203839 5739271 38400
1480005485233509 5747815 38400
1480005485263729 5751848 38400
1480005485294016 5749546 38400
1480005485324040 5744625 38400
1480005485354192 5758601 38400
1480005485384395 5750987 38400
1480005485414343 5754768 38400
1480005485444607 5754283 38400
1480005485474685 5759839 38400
1480005485505206 5757835 38400
1480005485534706 5752671 38400
1480005485564974 5754740 38400
1480005485595513 5754832 38400
1480005485625567 5751647 38400
1480005485655328 5757174 38400
1480005485685516 5749910 38400
1480005485715969 5757454 38400
1480005485746349 5760616 38400
1480005485776174 5758734 38400
1480005485806377 5756779 38400
1480005485836270 5760420 38400
1480005485866471 5762148 38400
1480005485896950 5759887 38400
1480005485926588 5760676 38400
1480005485957024 5758363 38400
1480005485987220 5765050 38400
1480005486017184 5764333 38400
1480005486047731 5764847 38400
1480005486077480 5754895 38400
1480005486108016 5767704 38400
1480005486137637 5760044 38400
1480005486168044 5758078 38400
1480005486197914 5757492 38400
1480005486228100 5763215 38400
1480005486258553 5759644 38400
1480005486288356 5749253 38400
1480005486318823 5755957 38400
1480005486348545 5766472 38400
1480005486378718 5762483 38400
1480005486409437 5755919 38400
1480005486439378 5755493 38400
1480005486469237 5756414 38400
1480005486499396 5755347 38400
1480005486529495 5756204 38400
1480005486559812 5751032 38400
1480005486589732 5758910 38400
1480005486619860 5759564 38400
1480005486650255 5763038 38400
1480005486680553 5758233 38400
1480005486710805 5752330 38400
1480005486740624 5761229 38400
1480005486770510 5757764 38400
1480005486801139 5755854 38400
1480005486830801 5755075 38400
1480005486861093 5762374 38400
1480005486891407 5768811 38400
1480005486921396 5764561 38400
1480005486951495 5758353 38400
1480005486981595 5767990 38400
1480005487011625 5761294 38400
1480005487042166 5761374 38400
1480005487071924 5757652 38400
1480005487102244 5760336 38400
1480005487132333 5755528 38400
1480005487162341 5757308 38400
1480005487192865 5753261 38400
1480005487222655 5756837 38400
1480005487253003 5758493 38400
1480005487283117 5757241 38400
1480005487312996 5760558 38400
1480005487343120 5762073 38400
1480005487373367 5762164 38400
1480005487404000 5755402 38400
1480005487433781 5759352 38400
1480005487464191 5753554 38400
1480005487494113 5757811 38400
1480005487524493 5764643 38400
1480005487554404 5756185 38400
1480005487584602 5762510 38400
1480005487614331 5757078 38400
1480005487644773 5756802 38400
1480005487675017 5764582 38400
1480005487705384 5761678 38400
1480005487735022 5767761 38400
1480005487765567 5760499 38400
1480005487795360 5758053 38400
1480005487825928 5756182 38400
1480005487855664 5761775 38400
1480005487886160 5748947 38400
1480005487916277 5754940 38400
1480005487946133 5757493 38400
1480005487976043 5754620 38400
1480005488006234 5753688 38400
1480005488036420 5757167 38400
1480005488066889 5753186 38400
1480005488096501 5749804 38400
1480005488127293 5750147 38400
1480005488157290 5747596 38400
1480005488187639 5757401 38400
1480005488217514 5747861 38400
1480005488247635 5749855 38400
1480005488277502 5753691 38400
1480005488308172 5753444 38400
1480005488337839 5744280 38400
1480005488368212 5758230 38400
1480005488398340 5754292 38400
1480005488428360 5748947 38400
1480005488458516 5745388 38400
1480005488488989 5755246 38400
1480005488518994 5750896 38400
1480005488548666 5755530 38400
1480005488578851 5749814 38400
1480005488609324 5749366 38400
1480005488639138 5756180 38400
1480005488669743 5764990 38400
1480005488699839 5762549 38400
1480005488729759 5761744 38400
1480005488759914 5765441 38400
1480005488790010 5765108 38400
1480005488820171 5766283 38400
1480005488850497 5758341 38400
1480005488880801 5759738 38400
1480005488910998 5753742 38400
1480005488940672 5757444 38400
1480005488971097 5755997 38400
1480005489001357 5758191 38400
1480005489031110 5749237 38400
1480005489061498 5754894 38400
1480005489091940 5753982 38400
1480005489121493 5751512 38400
1480005489151790 5756708 38400
1480005489181781 5751567 38400
1480005489212243 5751580 38400
1480005489242311 5757276 38400
1480005489272589 5755569 38400
1480005489302527 5756357 38400
1480005489332636 5753422 38400
1480005489362690 5764318 38400
1480005489393065 5757573 38400
1480005489423000 5752868 38400
1480005489453420 5752776 38400
1480005489483184 5755788 38400
1480005489513291 5760336 38400
1480005489543481 5761359 38400
1480005489573535 5763505 38400
1480005489603770 5765852 38400
1480005489633854 5771193 38400
1480005489664302 5766714 38400
1480005489694426 5764115 38400
1480005489724986 5766560 38400
1480005489754882 5762599 38400
1480005489784712 5763462 38400
1480005489814714 5770506 38400
1480005489845125 5757629 38400
1480005489875289 5765947 38400
1480005489905367 5762435 38400
1480005489935590 5761299 38400
1480005489965403 5759218 38400
1480005489995744 5754708 38400
1480005490026111 5761719 38400
1480005490055619 5764007 38400
1480005490086422 5762318 38400
1480005490116323 5756837 38400
1480005490146514 5761811 38400
1480005490176310 5759568 38400
1480005490206893 5764392 38400
1480005490236880 5756148 38400
1480005490266809 5755202 38400
1480005490297059 5768441 38400
1480005490327330 5764902 38400
1480005490357492 5769407 38400
1480005490387448 5765783 38400
1480005490417615 5761063 38400
1480005490447622 5766717 38400
1480005490478113 5764664 38400
1480005490508304 5764703 38400
1480005490538203 5767054 38400
1480005490568748 5761148 38400
1480005490598401 5768819 38400
1480005490628667 5769366 38400
1480005490658961 5762081 38400
1480005490688683 5773150 38400
1480005490718884 5767655 38400
1480005490749319 5764927 38400
1480005490779487 5756290 38400
1480005490809637 5762478 38400
1480005490839562 5762310 38400
1480005490869592 5766130 38400
1480005490900183 5765485 38400
1480005490929919 5758485 38400
1480005490959794 5761405 38400
1480005490990437 5763712 38400
1480005491020062 5770324 38400
1480005491050790 5757581 38400
1480005491081010 5756776 38400
1480005491111168 5759166 38400
1480005491141052 5765444 38400
1480005491171026 5763413 38400
1480005491201024 5770143 38400
1480005491231755 5769534 38400
1480005491261219 5769734 38400
1480005491291872 5772496 38400
1480005491321884 5766379 38400
1480005491352179 5765569 38400
1480005491382129 5772761 38400
1480005491412072 5774102 38400
1480005491442598 5770284 38400
1480005491472703 5771156 38400
1480005491502655 5772187 38400
1480005491532620 5772343 38400
1480005491562853 5769109 38400
1480005491593566 5777662 38400
1480005491623065 5773257 38400
1480005491653178 5777697 38400
1480005491683333 5772675 38400
1480005491713634 5767290 38400
1480005491743493 5760975 38400
1480005491773897 5762234 38400
1480005491804072 5761799 38400
1480005491834260 5765782 38400
1480005491864720 5757531 38400
1480005491894624 5761000 38400
1480005491925042 5759594 38400
1480005491954979 5772809 38400
1480005491984818 5766001 38400
1480005492014954 5769328 38400
1480005492045172 5765589 38400
1480005492075309 5763929 38400
1480005492105418 5766876 38400
1480005492135385 5763388 38400
1480005492165953 5764371 38400
1480005492195785 5763196 38400
1480005492226358 5770546 38400
1480005492256508 5775039 38400
1480005492286087 5769413 38400
1480005492316586 5768833 38400
1480005492346456 5773826 38400
1480005492376632 5779140 38400
1480005492406698 5774754 38400
1480005492436820 5776510 38400
1480005492467044 5778560 38400
1480005492497194 5781623 38400
1480005492527423 5769617 38400
1480005492557467 5782026 38400
1480005492587590 5781805 38400
1480005492617751 5778479 38400
1480005492647991 5776809 38400
1480005492678018 5771809 38400
1480005492708693 5772803 38400
1480005492738145 5773268 38400
1480005492768394 5770414 38400
1480005492798652 5772508 38400
1480005492828689 5770687 38400
1480005492859220 5775145 38400
1480005492888931 5768665 38400
1480005492919545 5769209 38400
1480005492949245 5774516 38400
1480005492979462 5774351 38400
1480005493010006 5774148 38400
1480005493039700 5772324 38400
1480005493070014 5778481 38400
1480005493100365 5777361 38400
1480005493129744 5764456 38400
1480005493160747 5774821 38400
1480005493190693 5772858 38400
1480005493220696 5767878 38400
1480005493251008 5778942 38400
1480005493279929 5779417 38400
1480005493311306 5775926 38400
1480005493341341 5774991 38400
1480005493371447 5776508 38400
1480005493401390 5770676 38400
1480005493431484 5780815 38400
1480005493461531 5781942 38400
1480005493491985 5771609 38400
1480005493522141 5772683 38400
1480005493552289 5779279 38400
1480005493582179 5778229 38400
1480005493612703 5773013 38400
1480005493642922 5773143 38400
1480005493672904 5778314 38400
1480005493703039 5774899 38400
1480005493732945 5771675 38400
1480005493763418 5769333 38400
1480005493793361 5776627 38400
1480005493823252 5778811 38400
1480005493853379 5776021 38400
1480005493883951 5777567 38400
1480005493914109 5777595 38400
1480005493944255 5777452 38400
1480005493973959 5772593 38400
1480005494004085 5773447 38400
1480005494034335 5777348 38400
1480005494064791 5774660 38400
1480005494094907 5776851 38400
1480005494124994 5780320 38400
1480005494155261 5781542 38400
1480005494185176 5781700 38400
1480005494215178 5782496 38400
1480005494245519 5777403 38400
1480005494275484 5782076 38400
1480005494306014 5788739 38400
1480005494336018 5784423 38400
1480005494365912 5788638 38400
1480005494395822 5775144 38400
1480005494426506 5776587 38400
1480005494455938 5785427 38400
1480005494486867 5780938 38400
1480005494516972 5780464 38400
1480005494546940 5771996 38400
1480005494577150 5772722 38400
1480005494607180 5773785 38400
1480005494637119 5774861 38400
1480005494667184 5770710 38400
1480005494697332 5779606 38400
1480005494728242 5782574 38400
1480005494757650 5773449 38400
1480005494788063 5772172 38400
1480005494817795 5777708 38400
1480005494848069 5776118 38400
1480005494878098 5778551 38400
1480005494908599 5781041 38400
1480005494938768 5780961 38400
1480005494968533 5784780 38400
1480005494998393 5780646 38400
1480005495029309 5781887 38400
1480005495059296 5778393 38400
1480005495088774 5776464 38400
1480005495119356 5779293 38400
1480005495149833 5776994 38400
1480005495179651 5779394 38400
1480005495209724 5785742 38400
1480005495240065 5784506 38400
1480005495270105 5779729 38400
1480005495300064 5783902 38400
1480005495329151 5786546 38400
1480005495360028 5782651 38400
1480005495389564 5776247 38400
1480005495419971 5772900 38400
1480005495450440 5777269 38400
1480005495480288 5776819 38400
1480005495510599 5769532 38400
1480005495540489 5767393 38400
1480005495570419 5773875 38400
1480005495600622 5776071 38400
1480005495631062 5775486 38400
1480005495660620 5772101 38400
1480005495691098 5771943 38400
1480005495721119 5776160 38400
1480005495751051 5765616 38400
1480005495781234 5772659 38400
1480005495811797 5771421 38400
1480005495841803 5772219 38400
1480005495871895 5767683 38400
1480005495902006 5774263 38400
1480005495932212 5770854 38400
1480005495962403 5764090 38400
1480005495993104 5766347 38400
1480005496022953 5765632 38400
1480005496052715 5765875 38400
1480005496083506 5774935 38400
1480005496113707 5766127 38400
1480005496143833 5771034 38400
1480005496173400 5775211 38400
1480005496203360 5769500 38400
1480005496233245 5771724 38400
1480005496263483 5763626 38400
1480005496293711 5762988 38400
1480005496325275 5760142 38400
1480005496354606 5754252 38400
1480005496384986 5761250 38400
1480005496414655 5756793 38400
1480005496445077 5758823 38400
1480005496475371 5751582 38400
1480005496506201 5746812 38400
1480005496535564 5743799 38400
1480005496565599 5748591 38400
1480005496596039 5753845 38400
1480005496625935 5746105 38400
1480005496656055 5744890 38400
1480005496686361 5746558 38400
1480005496715912 5750847 38400
1480005496745521 5749984 38400
1480005496776104 5751606 38400
1480005496805758 5745014 38400
1480005496837054 5744755 38400
1480005496867722 5743021 38400
1480005496897942 5748198 38400
1480005496928118 5746512 38400
1480005496958135 5748080 38400
1480005496987679 5749210 38400
1480005497017870 5748572 38400
1480005497048007 5748355 38400
1480005497078815 5754700 38400
1480005497108798 5755227 38400
1480005497138661 5750708 38400
1480005497168644 5751189 38400
1480005497199048 5750464 38400
1480005497228879 5743911 38400
1480005497259307 5733707 38400
1480005497289177 5741662 38400
1480005497319365 5742243 38400
1480005497348955 5743573 38400
1480005497379453 5742621 38400
1480005497409777 5743723 38400
1480005497439202 5747272 38400
1480005497470078 5742870 38400
1480005497501007 5744906 38400
1480005497530190 5745447 38400
1480005497560673 5743505 38400
1480005497590633 5745765 38400
1480005497621033 5751090 38400
1480005497650603 5748278 38400
1480005497681181 5748301 38400
1480005497711228 5754011 38400
1480005497740872 5753685 38400
1480005497771472 5753203 38400
1480005497801788 5756551 38400
1480005497831454 5761226 38400
1480005497862222 5755867 38400
1480005497892359 5760861 38400
1480005497922394 5762958 38400
1480005497952806 5756137 38400
1480005497982560 5762476 38400
1480005498012737 5756414 38400
1480005498043425 5749378 38400
1480005498072945 5754617 38400
1480005498103275 5750729 38400
1480005498133617 5752894 38400
1480005498163471 5754964 38400
1480005498194005 5756184 38400
1480005498223881 5757285 38400
1480005498253846 5756960 38400
1480005498283998 5761410 38400
1480005498314040 5749803 38400
1480005498344358 5759107 38400
1480005498374517 5763870 38400
1480005498404963 5756456 38400
1480005498434710 5764602 38400
1480005498465027 5765044 38400
1480005498495190 5771202 38400
1480005498525723 5768358 38400
1480005498555501 5765856 38400
1480005498585533 5770280 38400
1480005498616085 5763618 38400
1480005498645684 5770344 38400
1480005498676546 5766581 38400
1480005498706018 5771833 38400
1480005498736267 5764569 38400
1480005498766217 5771663 38400
1480005498795225 5765733 38400
1480005498826094 5762578 38400
1480005498856114 5765691 38400
1480005498885826 5766045 38400
1480005498916212 5761537 38400
1480005498945989 5770025 38400
1480005498976635 5762837 38400
1480005499007207 5764491 38400
1480005499037333 5758307 38400
1480005499067451 5761599 38400
1480005499097094 5773707 38400
1480005499127651 5759332 38400
1480005499158094 5759658 38400
1480005499188528 5770328 38400
1480005499218527 5770802 38400
1480005499248677 5770649 38400
1480005499278804 5772934 38400
1480005499308593 5768455 38400
1480005499339113 5770485 38400
1480005499369155 5770042 38400
1480005499399396 5777073 38400
1480005499429376 5773027 38400
1480005499460218 5771675 38400
1480005499489727 5768180 38400
1480005499519805 5765114 38400
1480005499550206 5762497 38400
1480005499580005 5767489 38400
1480005499610246 5774379 38400
1480005499640740 5763918 38400
1480005499670585 5776443 38400
1480005499700698 5771107 38400
1480005499730699 5768400 38400
1480005499760813 5768954 38400
1480005499791085 5766657 38400
1480005499821304 5768124 38400
1480005499851803 5775531 38400
1480005499881418 5772268 38400
1480005499911549 5771175 38400
1480005499942554 5771213 38400
1480005499971828 5772565 38400
1480005500002059 5770489 38400
1480005500032235 5780398 38400
1480005500062399 5770212 38400
1480005500091975 5770235 38400
1480005500122451 5765635 38400
1480005500152725 5771821 38400
1480005500182181 5771680 38400
1480005500213328 5778707 38400
1480005500243261 5772046 38400
1480005500273443 5771299 38400
1480005500303604 5766141 38400
1480005500333540 5768741 38400
1480005500363675 5773121 38400
1480005500394046 5772468 38400
1480005500424361 5769949 38400
1480005500454082 5769060 38400
1480005500484574 5772263 38400
1480005500514533 5767310 38400
1480005500544727 5759369 38400
1480005500574757 5765827 38400
1480005500604873 5762998 38400
1480005500635073 5770202 38400
1480005500665685 5768761 38400
1480005500694835 5767902 38400
1480005500725657 5770843 38400
1480005500756056 5762543 38400
1480005500785824 5772998 38400
1480005500816005 5777826 38400
1480005500846404 5769698 38400
1480005500876392 5772871 38400
1480005500906121 5775839 38400
1480005500936697 5773983 38400
1480005500967045 5769627 38400
1480005500997184 5766359 38400
1480005501027234 5767698 38400
1480005501057015 5763166 38400
1480005501087192 5766581 38400
1480005501117402 5769362 38400
1480005501147359 5770484 38400
1480005501177926 5765810 38400
1480005501207558 5770285 38400
1480005501237638 5768477 38400
1480005501267716 5764420 38400
1480005501298204 5765641 38400
1480005501328292 5767956 38400
1480005501358600 5769731 38400
1480005501389131 5765230 38400
1480005501418797 5768061 38400
1480005501448735 5768522 38400
1480005501479021 5763323 38400
1480005501509534 5773645 38400
1480005501539355 5771250 38400
1480005501569465 5773083 38400
1480005501599569 5773334 38400
1480005501629572 5776427 38400
1480005501660294 5773841 38400
1480005501690113 5772538 38400
1480005501720096 5770323 38400
1480005501750712 5772652 38400
1480005501780329 5770986 38400
1480005501810486 5767967 38400
1480005501840926 5767839 38400
1480005501870827 5763238 38400
1480005501900950 5766199 38400
1480005501931039 5761271 38400
1480005501961253 5768251 38400
1480005501991505 5762704 38400
1480005502021727 5770008 38400
1480005502051779 5763759 38400
1480005502081890 5760005 38400
1480005502111462 5774476 38400
1480005502142527 5765105 38400
1480005502172191 5775178 38400
1480005502202523 5768307 38400
1480005502232334 5777277 38400
1480005502262566 5774703 38400
1480005502292834 5769885 38400
1480005502322846 5767741 38400
1480005502353222 5776634 38400
1480005502383233 5770942 38400
1480005502413395 5776573 38400
1480005502443532 5776364 38400
1480005502473205 5772416 38400
1480005502503783 5771034 38400
1480005502533762 5769990 38400
1480005502564058 5773780 38400
1480005502594155 5775952 38400
1480005502624227 5769357 38400
1480005502654320 5775543 38400
1480005502684514 5765348 38400
1480005502714617 5768272 38400
1480005502745076 5767668 38400
1480005502774837 5771457 38400
1480005502804913 5773915 38400
1480005502835367 5770972 38400
1480005502865699 5778649 38400
1480005502895541 5775809 38400
1480005502925964 5777839 38400
1480005502955859 5774070 38400
1480005502985845 5777048 38400
1480005503016093 5773706 38400
1480005503046326 5772698 38400
1480005503076260 5775293 38400
1480005503106628 5771371 38400
1480005503136902 5777316 38400
1480005503166905 5782381 38400
1480005503197348 5770855 38400
1480005503227116 5771361 38400
1480005503257070 5777377 38400
1480005503287598 5776725 38400
1480005503317407 5778163 38400
1480005503347705 5782926 38400
1480005503377834 5776893 38400
1480005503407525 5778987 38400
1480005503438144 5775154 38400
1480005503468242 5773676 38400
1480005503498305 5768232 38400
1480005503528685 5767786 38400
1480005503558601 5771556 38400
1480005503588595 5773701 38400
1480005503619016 5779960 38400
1480005503649039 5768736 38400
1480005503678623 5772105 38400
1480005503709532 5771253 38400
1480005503739757 5763892 38400
1480005503769405 5776122 38400
1480005503799942 5770764 38400
1480005503830196 5778980 38400
1480005503860373 5775105 38400
1480005503890345 5781178 38400
1480005503920482 5774699 38400
1480005503950478 5784604 38400
1480005503980500 5778456 38400
1480005504011176 5782728 38400
1480005504040885 5782922 38400
1480005504071272 5786856 38400
1480005504101117 5783640 38400
1480005504130338 5785518 38400
1480005504161249 5785028 38400
1480005504191045 5780533 38400
1480005504221503 5787206 38400
1480005504252172 5778657 38400
1480005504281827 5771711 38400
1480005504312382 5780455 38400
1480005504342907 5779485 38400
1480005504372499 5778986 38400
1480005504402428 5776946 38400
1480005504431675 5778425 38400
1480005504461934 5779481 38400
1480005504491742 5774609 38400
1480005504521775 5772610 38400
1480005504552350 5781327 38400
1480005504582890 5779845 38400
1480005504612672 5781302 38400
1480005504643496 5775402 38400
1480005504673858 5771708 38400
1480005504703246 5771254 38400
1480005504733731 5773012 38400
1480005504764309 5772604 38400
1480005504794804 5781632 38400
1480005504824558 5773852 38400
1480005504853922 5772665 38400
1480005504884224 5775410 38400
1480005504914255 5776181 38400
1480005504944677 5781233 38400
1480005504975038 5784305 38400
1480005505004806 5784361 38400
1480005505035003 5780080 38400
1480005505065331 5786104 38400
1480005505095609 5784181 38400
1480005505125906 5783307 38400
1480005505155452 5780479 38400
1480005505185371 5775313 38400
1480005505215809 5783018 38400
1480005505245945 5781499 38400
1480005505276163 5771634 38400
1480005505306307 5775853 38400
1480005505337068 5775386 38400
1480005505367407 5767541 38400
1480005505397050 5778396 38400
1480005505427177 5778172 38400
1480005505457934 5776767 38400
1480005505487662 5770117 38400
1480005505518109 5773061 38400
1480005505548039 5778822 38400
1480005505577935 5781214 38400
1480005505608185 5779076 38400
1480005505638720 5782128 38400
1480005505668369 5788284 38400
1480005505698682 5777390 38400
1480005505728749 5780370 38400
1480005505758884 5777536 38400
1480005505788856 5769726 38400
1480005505819144 5774713 38400
1480005505849261 5775121 38400
1480005505879402 5766702 38400
1480005505910106 5769706 38400
1480005505939852 5775728 38400
1480005505969853 5772940 38400
1480005505999766 5770015 38400
1480005506030047 5773467 38400
1480005506060263 5782041 38400
1480005506090437 5785563 38400
1480005506120617 5776197 38400
1480005506150559 5776843 38400
1480005506180764 5780039 38400
1480005506210916 5784989 38400
1480005506241012 5778908 38400
1480005506271154 5777871 38400
1480005506300971 5780186 38400
1480005506331364 5773458 38400
1480005506361573 5781332 38400
1480005506391962 5781346 38400
1480005506422035 5780114 38400
1480005506452106 5768127 38400
1480005506482446 5775369 38400
1480005506512278 5776270 38400
1480005506542653 5778913 38400
1480005506572587 5776745 38400
1480005506602784 5780594 38400
1480005506632827 5781222 38400
1480005506663283 5775538 38400
1480005506692775 5784616 38400
1480005506722954 5790125 38400
1480005506752868 5781779 38400
1480005506783050 5789129 38400
1480005506813384 5784055 38400
1480005506843326 5783446 38400
1480005506874296 5788637 38400
1480005506904144 5788626 38400
1480005506934294 5787505 38400
1480005506964500 5791028 38400
1480005506994679 5789432 38400
1480005507024816 5794590 38400
1480005507054678 5793195 38400
1480005507085120 5791609 38400
1480005507115202 5794345 38400
1480005507145637 5784833 38400
1480005507175564 5782127 38400
1480005507205949 5788037 38400
1480005507235634 5781637 38400
1480005507266070 5779201 38400
1480005507295729 5787949 38400
1480005507326427 5782037 38400
1480005507355891 5781876 38400
1480005507386263 5774153 38400
1480005507416412 5779394 38400
1480005507446685 5776976 38400
1480005507476754 5784761 38400
1480005507507229 5782342 38400
1480005507537040 5784599 38400
1480005507567483 5787871 38400
1480005507597422 5789492 38400
1480005507627849 5787281 38400
1480005507657616 5788573 38400
1480005507687548 5787776 38400
1480005507717824 5798378 38400
1480005507748126 5797038 38400
1480005507778105 5794757 38400
1480005507808226 5792325 38400
1480005507838461 5785613 38400
1480005507868544 5792903 38400
1480005507898627 5793994 38400
1480005507928741 5789759 38400
1480005507959381 5793633 38400
1480005507989153 5795784 38400
1480005508019134 5794761 38400
1480005508049474 5784938 38400
1480005508079834 5793978 38400
1480005508110487 5786779 38400
1480005508140199 5791186 38400
1480005508170010 5799642 38400
1480005508200412 5802365 38400
1480005508230338 5799346 38400
1480005508260727 5796027 38400
1480005508290696 5801835 38400
1480005508320871 5795946 38400
1480005508350855 5798837 38400
1480005508381040 5802471 38400
1480005508411122 5797542 38400
1480005508441242 5799447 38400
1480005508471367 5794110 38400
1480005508501492 5797343 38400
1480005508531502 5799545 38400
1480005508562209 5804826 38400
1480005508591801 5802449 38400
1480005508622433 5795114 38400
1480005508652377 5799476 38400
1480005508682513 5800631 38400
1480005508712513 5799030 38400
1480005508743271 5797402 38400
1480005508772620 5795608 38400
1480005508802998 5787070 38400
1480005508833010 5794703 38400
1480005508863133 5794636 38400
1480005508893801 5786603 38400
1480005508924052 5787077 38400
1480005508953682 5792701 38400
1480005508984043 5786062 38400
1480005509013940 5791589 38400
1480005509044308 5793062 38400
1480005509074251 5791362 38400
1480005509104227 5788733 38400
1480005509134629 5791492 38400
1480005509164677 5785954 38400
1480005509194663 5797642 38400
1480005509224928 5797479 38400
1480005509255275 5800055 38400
1480005509285325 5799578 38400
1480005509315251 5801430 38400
1480005509345663 5796146 38400
1480005509375787 5803409 38400
1480005509405894 5805505 38400
1480005509435999 5796404 38400
1480005509466110 5801532 38400
1480005509496153 5798364 38400
1480005509526587 5792761 38400
1480005509556456 5796773 38400
1480005509586439 5790675 38400
1480005509616917 5798918 38400
1480005509646865 5797530 38400
1480005509677212 5794268 38400
1480005509707244 5784974 38400
1480005509737480 5796593 38400
1480005509767962 5792943 38400
1480005509797549 5793468 38400
1480005509827438 5794417 38400
1480005509857965 5793738 38400
1480005509887963 5797705 38400
1480005509918205 5796995 38400
1480005509948509 5791825 38400
1480005509978633 5798979 38400
1480005510008532 5798094 38400
1480005510038595 5794669 38400
1480005510068436 5795672 38400
1480005510099106 5793643 38400
1480005510128945 5798564 38400
1480005510159683 5802437 38400
1480005510189605 5801738 38400
1480005510219841 5803657 38400
1480005510249741 5802699 38400
1480005510279785 5803474 38400
1480005510310025 5801473 38400
1480005510340288 5797507 38400
1480005510370535 5797506 38400
1480005510400632 5798902 38400
1480005510430163 5789142 38400
1480005510460574 5799200 38400
1480005510491027 5797022 38400
1480005510520714 5793582 38400
1480005510551532 5797479 38400
1480005510581389 5792263 38400
1480005510611608 5796735 38400
1480005510641711 5795869 38400
1480005510671653 5793671 38400
1480005510701521 5792952 38400
1480005510732128 5797103 38400
1480005510762599 5794227 38400
1480005510792382 5789929 38400
1480005510822570 5792325 38400
1480005510852634 5796680 38400
1480005510882766 5788867 38400
1480005510912898 5791183 38400
1480005510942859 5799490 38400
1480005510973043 5790155 38400
1480005511003453 5804110 38400
1480005511049458 5798173 38400
